82422
82423
72517
82424
72518
72519
72520
72521
72522
72523
72524
72525
72526
72527
82425
72528
72529
72530
72531
72532
82426
72533
72534
72535
72536
72537
72538
72539
72540
72541
72542
82427
72543
82428
72544
72545
72546
72547
72548
72549
72550
72551
72552
72553
82429
82430
82431
72554
72555
72556
72557
82432
72558
72559
72560
72561
72562
72563
72564
82433
72565
72566
72567
72568
72569
72570
82434
72572
72573
72574
72575
72576
72577
82435
82436
72578
72579
72580
72581
72582
72583
72584
72585
72586
72587
72588
72589
82437
82438
72590
82439
72591
72592
82440
72593
72594
72595
72596
72597
72598
72599
82441
72600
72601
82442
72602
72603
82443
72604
72605
72606
82445
72607
72608
72609
72610
82446
72611
72612
72613
72614
82447
82448
72615
82449
72616
82450
72617
72618
72619
82451
72620
82452
82453
72621
72622
72623
72624
72625
72626
72627
72628
72629
72630
72631
72632
72633
72634
72635
82454
72636
72637
82455
72638
72639
72640
82456
72641
82457
72642
72643
72644
72645
72646
72647
72648
72649
72650
72651
72652
82458
82459
82461
82462
72653
82463
82464
82465
82466
82467
82468
82469
72654
72655
72657
72658
72659
72660
72662
72663
82470
72664
72665
72666
72667
72668
72669
72670
72671
82471
72672
72674
72675
72676
72677
72678
72679
72680
72681
82472
82473
72682
72684
72685
72686
72687
72688
82474
72689
72690
72691
72692
72693
72694
72695
72696
72697
72698
72699
72700
72701
84516
82475
72702
72703
72704
72705
72706
72707
72708
82476
72709
72710
72711
82477
82478
72712
72713
82480
72714
82481
72715
82482
72716
82483
82484
72717
82485
72718
72719
72720
72721
82486
72722
72723
82487
72724
72725
72726
72727
72728
82488
82489
72729
72730
72731
72732
82490
82491
82492
72734
72735
72736
72737
82493
82494
72738
72739
72740
72741
72742
82495
72743
72744
72745
72746
72747
72748
72749
72750
72751
72752
82496
72753
72754
82497
82498
72755
82499
82500
82501
82502
72756
82503
72757
72758
72759
72760
82504
72761
72762
72763
72764
72765
82505
72766
72767
72768
72769
82506
82507
72770
72771
72772
72773
72774
72775
72776
72777
72778
82508
72779
72780
72782
72785
72786
72787
72788
72789
72790
82510
72791
72792
72793
72794
72795
72796
72797
82511
72798
72799
72801
72802
72803
72804
72805
72806
82512
72807
72808
72809
72810
72811
72812
72813
72814
82514
72815
72816
72817
72818
72819
72820
72821
72822
82516
82517
72823
82518
82519
72824
72825
72826
72827
72828
72829
72830
84495
72831
72832
82520
82521
72833
72834
72835
72836
72837
72838
72839
72840
72842
82522
72843
82523
82527
82528
72844
72845
72846
82529
82530
82531
82532
82533
72847
72848
72849
72850
82534
72851
72852
82535
72853
72854
72855
72856
72857
72858
72859
72860
72861
72862
72863
82536
72864
72865
72866
72867
72868
72869
72870
82537
82538
72871
72872
82539
82540
72873
72874
72875
72876
72877
82541
72878
72879
82542
72880
72881
72882
72883
72884
72885
72886
72887
72888
72889
72890
82543
72891
82544
72892
82545
82546
82547
82548
72893
82549
72894
72895
72896
72898
82403
72899
72900
72901
82391
72902
72903
82550
72904
72905
72906
72907
82337
72908
82551
82552
72909
72910
72911
72912
72913
72914
72915
72916
72917
72918
72919
72920
72921
82553
72922
72923
72924
72925
82554
72926
82555
82556
82557
72927
82558
72928
72929
72930
82559
82560
82561
82562
72931
82563
72932
72933
72934
82564
82565
82566
72935
72936
72937
82567
72938
82568
72939
72940
72941
82569
82570
82571
82572
72942
72943
72944
72945
72946
72947
72948
82573
72949
72950
72951
72952
72953
72954
72955
72956
72957
72958
72959
72960
72961
72963
72964
72965
72966
72967
72968
72969
72970
72971
72972
72973
72974
82574
72975
82575
72976
72977
72978
72979
72980
82576
72981
82381
82577
72982
72983
82578
72984
82579
72985
72986
72987
72988
72989
72990
72991
72992
72993
72994
72995
72996
72997
72998
72999
73000
73001
73002
73003
73004
73005
73006
82580
73007
73008
73009
73010
82581
73011
73012
82582
82583
82584
82585
73013
73014
82586
73016
73017
73018
73019
73020
73021
73022
82587
73023
73024
82588
73025
73026
73027
73028
82589
73029
73030
73031
73032
73033
73034
73035
82590
73036
73037
73038
73039
73040
73041
73042
73043
73044
73045
73046
73047
82591
82592
73049
82593
73050
73051
73052
73053
73054
73055
73056
73057
82594
73058
73059
73060
73061
73062
82595
73063
73064
73065
82596
73066
82597
73067
72516
73068
73069
73070
73071
73072
73073
73074
73075
73076
73077
73079
73080
73081
73082
82599
73083
82600
73084
82601
73085
73086
73087
73088
73089
73090
73091
73092
73093
73094
73095
73096
82602
73097
73098
73099
73100
73101
82603
73102
73103
73104
73105
73106
73107
73108
73109
73110
73111
82604
73112
73113
73114
73115
73116
73117
73118
82605
82606
73119
73120
73121
82607
73122
73123
82608
73124
73125
73126
73127
73128
73129
73130
82609
73131
73132
73133
73134
73135
73136
73137
73138
73139
73140
82610
82611
73141
84381
73142
73143
82612
73144
82613
73145
73146
73147
73148
73149
73150
73151
73152
73153
73154
73155
82355
82615
73156
73157
73158
73159
73160
73161
73162
73163
73165
73166
82616
73167
73168
82617
73169
73170
73171
73172
82618
73173
73174
73175
73176
82619
73177
73178
73179
73180
73181
73182
82620
73183
73184
73185
73186
73187
73188
73189
73190
73191
73192
73193
82621
73194
73195
73196
73197
73198
73199
82622
73200
73201
73202
82623
82624
73203
82625
82626
82627
82628
82629
82630
82631
82632
73204
82633
73205
73206
73207
73208
73209
73210
73211
73212
73213
82635
73214
73215
73216
73217
73218
73219
73220
73221
82636
73222
73223
73224
73225
73226
73227
73228
73229
73230
73231
73232
73233
73234
73235
73236
73237
73238
73239
82637
73240
73241
82638
73242
82639
73243
73244
82640
73245
73246
73247
73248
82641
73249
73250
73251
73252
73253
73254
82642
73255
82643
82644
73256
73257
73258
73259
73260
73261
73262
73263
82645
73264
73265
73266
73267
73268
73269
73270
73271
73272
73273
73274
73275
82646
82647
73276
73277
82366
73278
73279
73280
73281
73282
82648
82649
73283
82650
73284
82651
73286
73287
73288
73289
73290
73291
73292
73293
82652
82653
73294
73295
73296
73297
73298
73299
73300
73301
82654
82655
73302
73303
73304
73305
73306
73307
73308
73309
73310
73311
73312
73313
82657
73314
73315
73316
73317
73318
73319
82658
73320
82659
73321
73322
73323
73324
73325
82660
73326
73327
73328
73329
73330
73331
73332
82661
73333
73334
73335
82662
82663
73336
82664
82665
73337
73338
73339
73340
73341
73342
73343
73344
82666
73345
73346
73347
73348
73349
73350
73351
73352
73353
73354
73355
73356
73357
73358
73359
73360
73361
73362
73363
73364
73365
73366
73367
73368
73369
73370
73371
73372
73373
73374
73375
73376
73377
73378
73379
73380
82667
73381
73382
73383
73384
73385
82668
82669
73386
82670
82671
73387
73388
73389
73390
73391
73392
73393
73394
73395
73396
73397
73398
73399
73400
73401
82672
73402
73403
73404
73405
82673
82674
82675
73406
82676
82677
82678
82679
73407
82680
73408
73409
73410
73411
82681
82682
82683
73412
73413
73414
73415
73416
82684
73417
73418
73419
73420
73421
73422
73423
82685
73424
73427
73428
73429
73430
73431
73432
82686
82687
73433
82688
73434
82689
73435
73436
73437
73438
73439
73440
73441
73442
73443
73444
82690
73445
73446
73447
73448
82691
82692
73449
73450
73451
73452
73453
73454
73455
73456
82693
73457
73458
73459
73460
73461
73462
82694
82695
73463
73464
82696
82697
73465
73466
73467
73468
73469
73470
73471
73472
73473
82698
73474
73475
73476
73477
73478
73479
73480
73481
73482
73483
73484
73485
73486
73487
73488
73489
73490
82699
82700
73491
73492
73493
73494
73495
82701
73496
73497
73498
82702
73499
73500
73501
82703
82704
82705
73503
82706
82707
73505
73506
73507
73508
73509
73510
73511
82708
82709
73512
73513
73514
73515
73516
73517
73518
73519
82710
73520
73521
73522
82711
82712
73523
73524
73525
73526
73527
73528
82415
82713
82714
73529
73530
73531
73532
73533
73534
73535
73536
73537
73538
73539
82334
73540
73541
73542
73543
73544
73545
73546
82715
73547
73548
73549
73550
73551
73552
73553
73554
73555
73556
82716
82717
73557
82718
82719
73558
73559
82720
82721
73560
73561
73562
73563
73564
73565
73566
73567
73568
73569
73570
73571
73572
73573
73574
73575
73576
73577
82722
73578
73580
73581
73582
82723
73583
73584
73585
82724
73586
73587
82725
73588
73589
73590
73591
73592
73593
82726
73594
73595
73596
73597
73598
82727
73599
82728
73600
73601
73602
73603
73604
82729
73605
73606
73607
73608
73609
73610
73611
73612
73613
82730
73614
82413
73615
82731
73616
73617
73618
73619
73620
73621
73622
73623
73624
73625
73626
73627
73628
73629
73630
73631
73632
73633
84492
73634
73635
73636
73637
73638
73639
73640
73641
73642
73643
82732
73644
73645
73646
73647
73648
82733
82734
82735
73649
73650
73651
73652
73653
82737
73654
82738
73655
73656
73657
73658
73659
73660
73661
73662
73663
73664
73665
73666
73667
73668
73669
82739
82740
73670
73671
73672
73673
82741
73674
73675
73676
73677
73678
73679
82742
82743
73680
73681
73682
73683
73684
73685
73686
73687
82744
82745
73688
73689
73690
73691
73692
73693
73694
73695
82746
82747
73696
73697
73698
73699
73700
73701
73702
73703
73704
73705
73706
73707
73708
73709
82749
82750
82751
82752
82753
82754
82755
82756
82757
82758
82759
73710
73711
73712
73713
73714
73715
73716
73717
73718
73719
73720
73721
73722
73723
73725
73726
73727
73728
82760
73729
73730
73731
73732
73733
73734
82761
73735
73736
73737
73738
73739
73740
73741
73742
73743
82762
73744
73745
82763
73746
73747
73748
73749
73750
73751
73752
73753
73754
73755
73756
73757
73758
73759
73760
73761
73762
73763
73764
73766
73767
73768
82764
73769
73770
73771
73772
73773
73774
73775
73776
73777
82765
73778
82766
73779
82767
73780
73781
73782
73783
73784
73785
73786
73787
82768
73788
73789
73790
73791
73792
73793
73794
73795
73796
73797
73798
73799
73800
73801
73802
73803
82769
73804
73805
73806
73807
82770
73808
73809
73810
73811
73812
82359
82771
73813
73814
73815
73816
73817
73818
73819
73820
73821
73822
73823
73824
73825
73826
73827
73828
73829
82772
73831
73832
82773
73833
73834
82774
73835
73836
73837
73838
82775
73839
73840
73841
73842
73843
73844
73845
73846
73847
73848
73849
73850
73851
73852
73853
73854
73855
73856
73857
73858
73859
82776
73860
82330
73861
73862
73863
73864
73865
73866
73867
82409
82405
73868
73869
73870
73871
82377
73872
73873
73874
73875
73876
73877
73878
82777
73879
73880
73881
73882
73883
73884
73885
82779
73886
82780
73887
73888
73889
73890
73891
73892
73893
73894
73895
73896
73897
73898
73899
73900
82781
73901
82782
82783
73902
73903
73905
73906
73907
73908
73909
73910
82784
73911
73912
82785
82786
73913
73914
73915
73916
73917
73918
82787
73919
73920
73921
73922
73923
73925
73926
73927
73928
73929
73930
73931
73932
73933
73934
73935
73936
73937
73938
73939
73940
73941
73942
73943
73944
73945
73946
73947
82788
73948
73949
73950
73951
73952
82789
82790
82791
73953
73954
73955
82792
73956
73957
73958
73959
73960
82793
73961
73962
73963
73964
82794
82795
73965
73966
73967
73968
73969
73970
73971
82796
73972
73973
73974
73975
73976
73977
82797
73978
73979
73980
73981
73982
73983
73984
73985
73986
73987
73988
82798
73989
73990
73991
73992
73993
73994
73995
82799
73996
73997
73998
73999
74000
82800
74001
82801
74002
74003
74004
74005
74006
74007
74008
74009
74010
74011
74012
74013
74014
74015
74016
74018
82802
74019
74020
74021
74022
74023
74024
74025
74026
74027
74028
82803
74029
74030
74031
82804
74032
74033
74034
82805
74035
82806
82807
82808
82809
82810
82811
82812
82813
74036
82814
74037
82815
74038
74039
74040
74041
74042
82816
74043
74044
74045
74046
74047
74048
74049
74050
74051
74052
82817
74053
74054
74055
74056
74057
74058
74059
82383
82818
82819
74060
82820
74061
82821
74062
74063
74064
82367
74065
74066
74067
74068
74069
82822
82823
82824
74070
74071
74072
82825
74073
74074
74075
74076
82826
74077
74078
74079
74080
82827
74081
82828
74082
74083
74084
74085
74086
82829
74087
74088
74089
74090
74091
74092
74093
82830
74094
74095
74096
74097
74098
74099
82831
74100
74101
82832
74102
74103
74104
74105
82833
74106
74107
74108
74109
74110
82834
82835
74111
74112
74113
74114
74115
74116
82836
74117
82327
74118
74119
74120
74121
74122
74123
82328
74124
82837
74125
74126
74127
74128
74129
74130
74131
74132
74133
74134
74135
74136
74137
74138
74139
74140
74141
74142
74143
74144
74145
74146
82839
82335
74147
82840
74148
74149
74150
74151
74152
74153
74154
82841
74155
74156
74157
82842
82843
74158
82844
74159
82845
74160
74161
74162
74163
74164
74165
82846
74166
74167
82847
74168
74169
74170
74171
74172
74173
74174
74175
82848
74176
74177
74178
74179
74180
74181
74182
74183
82849
74184
82350
74185
74186
74187
74188
74189
74190
82329
74191
74192
82850
74193
74194
74195
82851
82852
74196
74197
74198
74199
74200
82853
74201
74202
74203
74204
74205
74206
74207
74208
74209
82854
74210
74211
82855
74212
74213
74214
74215
74216
74217
74218
74219
74220
74221
82857
82858
74222
82859
74223
74224
74225
74226
74227
74228
74229
74230
74231
82860
74232
82393
74233
74234
74235
82861
74236
74237
74238
74239
74240
74241
74242
82862
74243
82863
74244
82864
82865
82866
82867
74245
82868
82869
74246
82870
74247
74248
74249
82871
74250
74251
74252
74253
82873
74254
74255
74256
74257
74258
74259
74260
82874
74261
74262
74263
74264
74265
82875
74266
74267
74268
74269
74270
74271
74272
74273
74274
74275
82876
74276
74277
74278
74279
82877
74280
74281
74282
74283
82878
74284
74285
74286
82879
74287
74288
74289
74290
74291
74292
74293
74294
74295
74296
82880
74297
74298
82881
74299
74300
74301
74302
74304
74305
82882
74306
74307
82883
74308
74309
82884
82885
74310
74311
74312
74313
74314
74315
82886
74316
74317
82887
74318
74319
74320
74321
74322
82340
74323
74324
74325
74326
74327
74328
84493
74329
74330
74331
74332
74333
74334
74335
82888
74337
82889
74338
74339
74340
82890
74341
74342
74343
74344
74345
74346
74347
74348
74349
74350
74351
74352
74353
74354
74355
74356
74357
74358
74359
74360
74361
74362
82891
74363
74364
74365
82892
82893
74366
74367
74368
82894
82895
74369
74370
74371
74372
82896
74373
74374
74375
74376
74377
74378
74379
74380
74381
74382
74383
74384
74385
74386
82897
82898
82899
82900
74387
74388
82901
74389
74390
74391
74392
74393
74394
74395
74396
74397
74398
74399
74400
74401
74402
74403
74404
74405
74406
82902
74407
74408
74409
74410
74411
82903
82904
74412
74413
82905
74414
74415
74416
74417
82906
82907
74418
74419
82908
74420
82909
74421
82910
74422
82911
74423
74424
74425
82912
74426
74427
74428
84512
74429
74430
74431
74432
82388
74433
74434
74435
82913
74436
74437
82915
74438
74439
74440
82916
82917
82372
74441
74442
74443
74444
74445
82918
74447
74448
82919
82920
74449
74450
74451
82921
74452
82922
82923
74453
74454
74455
82924
74456
74457
74458
74459
74460
74461
74462
74463
74464
74465
74466
74468
74469
74470
74471
74472
74473
82925
74474
74475
74476
74477
74478
74479
74480
74481
74482
82926
74483
82927
82928
82929
74484
74485
74486
74487
74488
74489
74490
74491
74492
74493
74494
74495
74496
74497
74498
74499
74500
74501
74502
74503
74504
74505
74506
74507
74508
74509
74510
82930
74511
74512
74513
74514
74515
74516
74517
74518
82931
82932
74519
74520
82934
74521
74522
82935
74523
82936
74524
74525
82937
74526
82938
82939
74527
82940
82941
74528
74529
74530
74531
74532
74533
74534
74535
74536
74537
74538
74539
74540
82942
82943
74541
74542
82944
74543
74544
74545
74546
74547
74548
74549
74550
74551
74552
74553
74554
74555
74556
74557
74558
74559
74560
74561
74562
74563
74564
82945
74565
74566
74567
82946
74568
74569
82947
74570
74571
82948
74572
74573
82949
82950
74574
74575
82951
74576
74577
74578
74579
74580
74581
74582
74583
82323
74584
74585
74586
74587
74588
74589
74590
74591
74592
74593
74594
74595
74596
74598
74599
74600
74601
74602
74603
74604
74605
74606
74607
82952
74608
84505
74609
82953
74610
74611
74612
74613
74614
82954
74615
74618
74616
74617
74619
74620
74621
74622
74623
82379
74624
74625
82336
74626
74627
82375
74628
82955
74629
74630
74631
74632
74633
74634
74635
74636
74637
74638
74639
74640
74641
74642
74643
74644
74645
74646
74647
82956
74648
74649
74650
74651
82957
74652
74653
74654
74656
74657
82373
74658
74659
74660
82349
74661
74662
74663
82958
82959
74664
82960
74665
82961
74666
74667
74668
74669
74670
74671
82962
74672
74673
74674
82963
74675
74676
74677
74678
74679
74680
74681
82964
82965
74682
74683
74684
74685
74686
74687
74688
74689
74690
82966
74691
82967
74692
74693
74694
74695
74696
74697
74698
74699
74700
74701
82968
74702
74703
82969
74704
82970
82971
74705
82972
74706
82973
74707
82974
82362
74708
82975
74709
82976
74710
74711
82977
74712
74713
82978
82979
74714
74715
82980
74717
74718
74719
74720
74721
74722
74723
74724
74725
82981
74726
74727
82982
74728
82983
74729
74730
74731
74732
74733
74734
74735
82984
74736
74737
74738
74739
74740
74741
74742
74743
74744
74745
74746
74747
74748
74749
74750
74751
74752
82985
74753
74754
82986
74755
74756
74757
82987
82988
74758
74759
74760
74761
82989
74762
74763
74764
74765
74766
74767
74768
74769
74770
74771
74772
74773
74774
74775
74776
74777
74778
74779
74780
74781
82990
74782
74783
74784
82991
74785
74786
74787
74788
74789
74790
82992
82993
74791
74792
74793
82994
74794
74795
74796
74797
74798
74799
82995
74800
74801
74802
74803
74804
74805
74806
74807
74808
74809
74810
74811
74812
74813
74814
74815
74816
82996
74817
74818
74819
84500
82997
82998
74821
82999
74822
74823
74824
74825
74826
74827
83000
74828
74829
74830
74832
74833
74834
74835
74836
74837
83001
74839
74840
74841
74842
74843
74844
74845
74846
74847
74848
74849
83002
74850
74851
83003
74852
74853
74854
74855
74856
74857
74858
83004
83005
74859
74860
74861
74862
74863
74864
74865
83006
74866
74867
74868
74869
74870
74871
74872
74873
74874
74875
74876
83007
74877
82406
83008
74878
74879
74880
74881
74882
74883
74884
74885
74886
74887
74888
74889
74890
74891
74892
74893
74894
74895
83009
74896
74897
74898
74899
74900
74901
83010
83011
74902
83012
74903
74904
83013
74905
74906
74907
74908
74909
74910
83014
74911
74912
74913
74914
74915
74916
74917
74918
74919
74920
74921
74922
74923
74924
74925
74926
74927
83015
83016
74929
74930
74931
83017
83018
83019
74932
74933
74934
74935
74936
74937
74938
83020
74939
74940
74941
74942
74943
74944
74945
74946
74947
74948
74949
83021
74950
83022
74951
74952
83023
82397
74953
74954
74955
74956
74957
74958
74959
74960
74961
83024
74962
74963
74964
74965
74966
74967
74968
74969
83025
74970
74971
74972
74973
74974
74975
74976
74977
74978
83026
74979
74980
74981
74982
74983
74984
74985
74986
74987
74988
74989
74990
74991
74992
83027
83028
74993
74994
74995
74996
74997
83029
74998
74999
75000
75001
75002
75003
83030
75004
75005
75006
75007
75008
75009
75010
83031
75011
75016
75012
75013
75014
75015
75017
75018
75019
75020
75021
75022
83032
75023
75024
75025
75026
75027
83033
83034
75028
83035
75029
83036
75030
75031
75032
83037
75033
75034
75035
75036
75037
75038
75039
83038
75040
75041
75042
75043
75044
75045
75046
75047
75048
75049
75050
75051
75052
75053
75054
75055
75056
75057
75058
75059
75060
75061
75062
75063
75064
83039
83040
75065
75066
75067
75068
83041
83042
75070
75071
75072
75073
75074
75075
75076
75077
75078
83043
75079
75080
75081
83044
83045
83046
75082
75083
75084
75085
75086
75087
83047
75088
75089
75090
75091
75092
75093
75094
75095
75096
83048
75098
83049
83050
75099
75100
75101
75102
75103
75104
75105
83051
75106
83052
82346
75107
75108
75109
75110
75111
75112
75113
75115
75116
75117
75118
75119
75120
75121
83053
83054
75122
75123
75124
75125
75126
75127
75128
75129
75130
75131
75132
75133
83055
83056
75134
75135
75136
75137
75138
75139
75140
75141
75142
75143
75144
75145
75146
75147
75148
75149
75150
75151
75152
83057
75153
75154
83058
75155
75156
75157
83059
75158
75159
75160
75161
75162
75163
75164
75165
75166
75167
75168
75169
75170
83060
75171
75172
75173
75174
75175
75176
75177
82332
75178
83061
75179
75180
75181
75182
75183
75184
75185
75186
75187
75188
75189
75190
75191
75192
75193
75194
75195
75196
75197
75198
75199
75200
75201
83062
75202
75203
75204
75205
75206
75207
75208
83063
75209
75210
75211
75212
75213
75214
75215
75216
75217
75219
83064
83065
75220
75221
75222
75223
75224
75225
75226
83066
75227
75228
75229
75230
75231
75232
75233
75234
75235
75236
75237
75238
75239
75240
75241
75242
75243
75244
75245
83067
75246
75247
75248
75249
75250
75251
75252
75253
84514
75254
75255
75256
75257
75258
75259
75260
75261
75262
75263
75264
75265
75266
75267
75268
83068
75269
75270
75271
75272
75273
75274
83069
75275
75276
75277
75278
75279
75280
75281
75282
75283
75284
75285
75286
75287
83070
75288
75289
75290
75291
75292
75293
75294
75295
75296
75297
75298
75299
75300
75301
75302
83071
75304
75305
75306
75307
75308
75309
75310
75311
83072
83073
75312
75313
75314
75315
75316
75317
83074
75318
75319
75320
75321
75322
75323
75324
75325
75326
83075
75327
75328
75329
75330
75331
75332
75333
75334
75335
75336
75337
75338
75339
75340
75341
75342
75343
75344
75345
75346
83076
75347
75348
75349
75350
75351
75353
75354
75355
83077
75356
75357
75358
75359
75360
75361
75362
75363
75364
83078
75365
83079
75366
75367
75368
75369
75370
75371
75372
83080
75373
75374
75375
83081
75376
75377
75378
75379
75380
75381
75382
83082
75383
75384
83083
75385
75386
75387
75388
75389
75390
75391
75392
75393
75394
75395
83084
75396
75397
75398
75399
75400
83085
75401
75402
75403
75404
75405
83086
75406
75407
75408
75409
83087
75410
75411
83088
83089
83090
75414
75415
75416
75417
75418
75419
75420
83091
75421
75422
83092
75423
75424
75425
75426
75427
75428
75429
83093
83094
75430
75431
75432
75433
75434
75435
75436
75437
75438
75439
75440
75441
75442
75443
75444
75445
75446
75447
83095
75448
75449
75450
75451
75452
75453
83096
83097
83098
75454
75455
75456
75457
75458
75459
75460
83099
75461
75462
75463
75464
75465
75466
75467
75468
75469
75470
75471
75472
75473
75474
75475
83100
83101
83102
75476
75477
83103
75478
83104
75479
75480
83105
75481
75482
75483
75484
75485
75486
75487
83106
83107
75488
75489
75490
75491
75492
75493
75494
75495
75496
75497
75498
75499
75500
75501
75502
75503
83108
75504
83109
83110
75505
75506
75507
75508
75509
75510
75511
75512
75513
75515
75516
75517
75518
82394
75519
83111
83112
75521
75522
75523
75524
75525
75526
75527
75528
75529
75530
83113
83114
83115
83116
83117
75531
75532
83118
83119
75533
83120
83121
75534
75535
75536
83122
75537
75538
75539
75540
75541
75542
83123
75543
83124
75544
75545
75546
75547
83125
75548
75549
75550
75551
75552
75553
75554
75555
75556
75557
75558
75559
83126
83127
75560
83128
83129
83130
75561
75562
83131
75563
75564
75565
75566
75567
75568
75569
75570
75571
75572
75573
83133
75574
75575
75576
75577
83134
83135
75578
75579
82364
75580
75581
75582
75583
75584
75585
75586
83136
75587
75588
75589
75590
75591
75592
75593
75594
83137
75596
75597
75598
75599
83138
75600
75601
75602
75603
75604
75605
75606
75607
75608
75609
75610
75611
75612
75613
75614
75615
75616
75617
83139
75618
75619
75620
75621
75622
75623
83140
83141
75624
75625
75626
75627
75628
75629
75630
75631
75632
83142
75633
75634
75635
75636
75637
75638
75639
75640
75641
75642
75643
75644
75645
75646
75647
75648
75649
75650
75651
75652
75653
75654
75655
75656
75657
75658
75659
75660
75661
75662
75663
75664
75665
75666
75667
75668
75669
75670
75671
75672
75673
75674
75675
75676
75677
75678
75679
75680
84488
75681
75682
75683
75684
75685
75686
83143
75687
75688
75689
75690
83144
75691
75692
75693
75694
75695
75696
75697
75698
75699
75700
82399
83145
75701
75702
75703
83146
75704
75705
75706
75707
83147
83148
82365
75708
75709
75710
75711
75712
75713
75714
75715
75716
75717
82387
75718
75719
75720
75722
75721
75723
82380
75724
75725
75726
75727
75728
75729
83149
83150
75730
75731
75732
75733
75734
75735
75736
75737
75738
75739
75740
75741
75742
83151
83152
75743
75744
75745
75746
75747
75748
75749
75750
75751
75752
75753
75754
75755
75756
83153
75757
75758
83154
75759
75760
75761
75762
75763
75764
75765
83155
75766
75767
75768
83156
83157
75769
75770
75771
75772
75773
83158
75774
75775
83159
83160
75776
75777
75778
75779
75780
75781
75782
75783
75784
75785
83161
75786
75787
75788
75789
75790
75791
83162
75792
75793
83163
83164
75794
75795
75796
75797
75798
75799
75800
75801
75803
75804
75805
75806
75807
75808
75809
75810
75811
75812
75813
75814
83165
75815
83166
75816
75817
75818
75819
75820
75821
75822
75823
75824
75825
83167
75826
75827
75828
75829
83168
75830
75831
75832
75833
83169
83170
75834
75835
75836
75837
83171
75838
75839
75840
75841
75842
75843
75844
75845
75846
75847
75848
84510
83172
83173
75849
75850
75851
75852
75853
75854
83174
75855
75856
75857
83175
83176
75858
83177
75859
75860
75861
83178
75862
75863
75864
75865
83179
75866
75867
75868
75869
75870
83180
75871
75872
83181
75873
75874
75875
75876
75877
83182
83183
83184
75878
75879
75880
75881
75882
83185
75883
75884
75885
75886
75887
83186
83187
75888
75889
75890
75891
75892
75893
75894
75895
75897
83188
75898
75899
75900
83189
75901
83190
75902
75903
75904
83191
75905
75906
75907
75908
75909
75910
75911
75912
83192
75913
75914
75915
75916
75917
75918
75919
75920
83193
83194
83195
75921
75922
75923
75924
75925
75926
75927
75928
75929
75930
83196
83197
83198
83199
75931
83200
75932
75933
75934
75935
75936
83201
75937
75938
75939
75940
75941
75942
75943
83202
75944
75945
83203
83204
75946
75947
75948
75949
75950
75951
75952
75953
75954
75955
83206
83207
75956
83208
83209
83210
75957
75958
83211
75959
75960
83212
75961
75962
75963
83213
75964
75965
75966
75967
75968
75969
75970
75971
83214
75972
75973
75974
75975
75976
75977
75978
83215
83216
75979
75980
75981
75982
75983
83217
83218
75984
83219
75985
75986
75987
83220
75988
75989
75990
75991
83221
75992
83222
83223
75993
75994
83224
83226
75995
75996
75997
75998
83227
75999
76000
76001
76002
76003
76004
76005
76006
76007
76008
76009
76010
76011
76012
76013
76014
76015
76016
83228
76017
76018
76019
76020
76021
83229
76022
76023
83230
76024
76025
76026
76027
83231
76028
83232
76029
76030
76031
76032
76033
76034
76035
76036
76037
76038
76039
76040
76041
76042
76043
76044
76045
76046
76047
76048
76049
76050
76051
76052
76053
76054
76055
76056
76057
76058
83234
76059
76060
76061
76063
76064
83235
76065
83236
76066
76067
83237
83238
76069
76072
83239
83240
76073
76075
76076
83241
76077
76078
76079
76080
76081
76082
76083
76084
76085
82386
76086
76087
76088
83242
83243
84484
83244
76089
76090
76091
76092
76093
76094
76095
83245
76096
76097
76098
83246
76099
83247
76100
83248
76101
76102
76103
76104
76105
83249
76106
76107
76108
76109
76110
76111
76112
76113
76114
76115
76116
83250
76117
76118
83251
83252
76119
76120
76121
76122
76123
76124
76125
76126
83253
76127
83254
76128
76129
76130
76131
76132
76133
76134
83255
83256
76135
76136
76137
76138
76139
76140
76141
76142
83257
76143
76144
76145
76146
76147
76148
76149
76150
76151
76152
76153
83258
83259
76155
76156
76157
76158
76159
76160
76161
76162
76163
83260
76164
76165
76166
76167
76168
76169
76170
76171
76172
76173
76174
76175
76176
76177
83261
83262
76178
76179
76180
76181
76182
76183
76184
83263
76185
76186
76187
76188
76189
76190
76191
76192
83264
76193
76194
83265
76195
76196
76197
76198
76199
83266
76200
76201
83267
76202
76203
76204
76205
76206
76207
76208
76209
76210
76211
76212
76213
76214
76215
82382
76216
76217
76218
76219
76220
76221
83268
76222
76223
76224
76225
76226
76227
76228
83269
76229
76230
83270
76231
76232
76233
76234
76235
76236
76237
76238
76239
76240
76241
76242
76243
76244
76245
76246
76247
76248
76249
76250
76251
76252
76253
76254
83271
76255
76256
76257
76258
76259
76260
76261
76262
76263
76264
83272
76265
76266
76267
83273
83274
83275
83276
76268
76269
76270
76271
76272
76273
76274
83277
76275
76276
76277
76278
76279
76280
83278
76281
76282
83279
76283
83280
76284
76285
76286
76287
76288
76289
76290
76291
76292
83281
76293
83282
83283
76294
76295
76296
83284
76297
76298
76299
76300
76301
76302
76303
76304
76305
76306
76307
76308
76309
76310
76311
83285
83286
76312
76313
83287
83288
76314
76315
83289
76316
76317
76318
76319
76320
76321
76322
76323
83290
76324
83291
76326
83292
76327
76328
76329
76330
76331
76332
76333
76334
76335
76336
76337
76338
76339
76340
76341
76342
76343
76344
76345
83293
83294
76346
76347
76348
83295
76349
76350
76351
76352
76353
76354
83296
76355
76356
76357
76358
76359
83297
76360
76361
76362
83298
76363
76364
76365
76366
76367
76368
83299
76369
83300
76370
76371
76372
76373
76374
76375
76376
76378
76379
76380
76381
83301
76382
76383
76384
82401
76385
76386
83302
76387
76388
76389
83303
83304
76390
76391
76392
76393
76394
83305
76395
76396
76397
76398
83306
76399
76400
76401
76402
76403
83307
76404
83308
76405
83309
76406
76407
76408
76409
76410
76411
76412
76413
76414
76415
76416
76417
76418
76419
76420
76421
76422
76423
83310
76424
76425
83311
76426
83312
76427
76428
76429
76430
83313
76431
76432
76433
83314
83315
76434
76435
76436
76437
76438
76439
76441
76442
76443
83316
76444
76445
76446
76447
76448
76449
82417
83317
76450
76451
76452
76453
76454
76455
83318
76456
76457
76458
76459
76460
76461
76462
76463
76464
76465
76466
76467
83319
83320
76468
76469
76470
83321
76471
76472
76473
76474
76475
83322
76476
76477
76478
76479
76480
83323
76481
76482
76483
76484
83324
76485
76486
76487
76488
76489
76490
76491
76492
76493
76494
76495
83325
76496
83326
83327
82374
76497
84511
83329
76498
76499
83330
76500
83331
76501
76502
76503
76504
76505
83332
76506
76507
76508
76509
76510
76511
76512
76513
76514
76515
76516
76517
76518
76519
76520
76521
76522
76523
76524
76525
76526
76527
76528
83333
76529
76530
76531
76532
83334
76533
76534
76535
76536
83335
76537
76538
76539
83336
76540
83337
76541
76542
76543
76544
76545
76546
76547
82407
76548
83338
83339
76549
76550
76551
76552
76553
76554
76555
76556
76557
76558
76559
76560
76561
76562
76563
76564
76565
76566
76567
76568
76569
76570
76571
76572
76573
76574
76575
83340
76576
76577
76578
83341
76579
76580
76581
76582
76583
76584
76585
76586
83342
76587
83343
76588
76589
76590
76591
76592
76593
76594
76595
76596
76597
76598
76599
76600
83344
76601
83345
76602
76603
83346
76604
76605
76606
76607
76608
76609
83347
76610
76611
76612
76613
84485
76614
76615
83348
76616
76617
83349
76618
76619
76620
76621
76622
76623
76624
76625
83350
83351
76626
76627
83352
76628
76629
83353
76630
76631
76632
76633
76634
76635
76636
76637
83354
76638
76639
76640
76641
76642
76643
76644
76645
76646
76647
76648
76649
76650
76651
76652
76653
76654
76655
76656
76657
76658
76659
76660
76661
76662
76663
76664
83355
76665
76666
83356
76667
76668
76669
76670
76671
76672
76673
76674
76675
76676
76677
76678
76679
76680
76681
76682
83357
76683
83358
76684
76685
76686
76687
76688
76689
76690
76691
76692
76693
76694
76695
76696
76697
76698
76699
82339
76700
83359
76701
76702
76703
76704
76705
76706
76707
76708
76709
76710
76711
76712
76713
83360
76714
76715
83361
76716
76717
76718
76719
76720
83363
76721
76722
83364
76723
76724
76725
83365
83366
76726
76727
76728
76729
76730
76731
76732
76733
76734
83367
76735
76736
76737
76738
76739
76740
76741
76742
76743
76744
76745
76746
76747
83368
83369
76748
76749
76750
76751
83370
76752
76753
76754
76755
76756
76757
83371
76758
83372
76759
76760
76761
76762
76763
76764
76765
76766
76767
76768
76769
82378
83373
76770
76771
76772
76773
76774
76775
76776
76777
76778
76779
76780
76781
76783
76784
76785
76786
83374
76787
76788
76789
76790
76791
76793
76794
83375
76795
76796
76797
76798
76799
76800
76801
76802
76803
76804
76805
76806
76807
76808
76809
76810
76811
76812
76813
76814
76815
83376
76816
76817
76818
76819
76820
76821
76822
76823
83377
76824
76825
76826
76827
83378
76828
76829
83379
76830
76831
76832
76833
76834
76835
76836
76837
76838
76839
76840
76841
76842
76843
76844
76845
76846
76847
76848
76849
76850
76851
76852
76853
83380
83381
76854
83382
76855
76856
76857
76858
76859
76860
76861
76862
76863
76864
76865
76866
76867
76868
76869
76870
76871
83383
76872
76873
76875
83384
76876
76877
76878
76879
76880
76881
76882
76883
76884
76885
76888
76886
76887
76889
76890
76891
83385
76892
76893
76894
76895
76896
76897
76898
76899
76900
76901
83386
76902
76903
76904
76905
76906
76907
76908
76909
76910
76911
76912
76913
76914
76915
76916
83387
83388
76917
76918
83389
76919
76920
76921
83390
83391
76922
76923
82326
76924
76925
76926
76927
76928
76929
83392
76930
76931
83393
83394
76932
76933
76934
83395
76935
83396
76936
83397
83398
76938
83399
83400
76939
76940
83401
76941
76942
76943
76944
76945
76946
83402
76947
76948
83403
76949
76950
76951
76952
76953
83404
83405
83406
76954
76955
76956
76957
76958
76959
76960
76961
76962
76963
76964
76965
76966
76967
76968
76969
76970
83407
76971
76972
76973
76974
76975
76976
76977
76978
76979
76980
83408
76981
76982
76983
83409
76984
76985
76986
76987
76988
76989
76991
76992
76993
76994
76995
83410
76996
76997
76998
76999
77000
77001
77002
77003
77004
77005
77006
77007
77008
77009
77010
77011
77012
83411
77013
77014
83412
77015
77016
77017
77018
77019
77020
77021
77022
77023
77024
77025
77026
77027
83413
77028
83414
77029
77030
77031
77032
83415
77033
77034
77035
77036
77037
77038
83416
77039
77040
77041
77042
77043
77044
77045
77046
77047
77048
83417
77049
83418
83419
77050
77051
77052
77053
77054
77055
83420
77056
77057
77058
77059
77060
83421
77061
77062
77063
83423
77064
83424
77065
83426
77066
77067
77068
83427
77069
77070
77071
77072
77073
77074
77075
77076
77077
83428
83429
77078
77079
83430
77080
77081
77082
77083
77084
77085
77087
77088
77089
77090
77091
77092
77093
77094
77095
77096
77097
83431
77098
77099
83432
83433
77100
77101
77102
77103
77104
77105
77106
77107
77108
77109
83434
83435
77110
77111
77112
77113
77114
77115
77117
77116
77118
77119
77120
77121
77122
77123
83436
77124
83437
83438
77125
77126
77127
77128
77129
77130
77131
77132
77133
77134
77135
77136
77137
77138
77139
77141
77142
77143
77144
77145
77146
77147
84490
77148
77149
77150
77151
77152
83440
77153
83441
77154
77155
77156
77157
77158
83442
77159
77160
77161
83443
77162
77163
77164
77165
77166
77168
77169
77170
77171
77172
83444
83445
83446
77173
77174
83447
77175
77176
77177
77178
77179
77180
77181
77182
77183
77184
77185
77186
77187
77188
77189
77190
77191
77192
77193
77194
77195
83448
77196
77197
77198
77199
83449
77200
77201
77202
77203
77204
72462
77205
77206
77207
77208
77209
77210
77211
77212
77213
77214
77215
77216
77217
77218
77219
77220
77221
77222
77223
83450
83451
77224
77225
83452
77226
77227
77228
77229
77230
77231
77232
77233
77234
77235
77236
77237
77238
77239
77240
77241
77242
77243
83453
77244
77245
77246
77247
77248
77249
83454
77250
77251
77252
77253
77254
77255
77256
77257
77258
77259
77260
77261
77262
83455
77263
83456
77264
77266
77267
77268
83457
82384
77269
77270
77271
77272
77273
77274
77275
77276
77277
77278
83458
77279
77280
77281
77282
77283
77284
77285
77286
77287
77288
77289
77290
77291
77292
77293
77294
77295
77297
77298
77299
77300
77301
77302
77303
77304
77305
77306
77307
77308
83459
77309
77310
77311
77312
77313
77314
77315
77316
83460
77317
77318
77319
77320
77321
77322
77323
77324
77325
77326
77327
77328
77329
77330
77331
77332
77333
77334
83461
77335
77336
77337
77338
77339
83462
77340
83463
77341
83464
77342
77343
77344
77345
83465
77346
77347
77348
77349
77350
77351
77352
77353
77354
77355
77356
77357
83466
77358
83467
83468
77359
77360
77361
77362
77363
77364
77365
77366
77367
77368
83469
77369
77370
83470
77371
77372
77373
83471
77374
77375
83472
77376
77377
77378
83473
77379
83474
77380
77381
77382
77383
77384
77385
77386
77387
77388
77389
77390
77391
77392
77393
77394
77395
77396
77397
77398
77399
77400
77401
77402
77403
77405
77406
83475
77407
77408
77409
77410
77411
77412
77413
77414
77415
77416
77417
77418
77419
77420
77421
83476
77422
77423
77424
83477
77425
77426
77428
77427
77429
77430
77431
77432
77433
77434
77435
77436
77437
77438
77439
77440
77441
77442
77443
83478
77444
77445
83479
77446
77447
83480
77448
77449
77450
83481
77451
77452
77453
77454
77455
77456
77457
77458
83482
77459
77460
77461
77462
83483
77463
77464
77465
77466
77467
77468
83484
77469
77470
77471
83485
77472
77473
77474
77475
77476
77477
77478
77479
77480
77481
77482
77483
77484
77485
77486
77487
77488
77489
77490
77491
77492
83486
83487
77493
77494
83488
77495
77496
77497
77498
77499
83489
77500
77501
77502
83490
83491
77503
77504
77505
77506
77507
77508
83492
77509
77510
77511
84497
77512
77513
77514
77515
77516
77517
77518
77519
77520
77521
83493
77522
77524
77523
77525
77526
83494
83495
77527
77528
77529
77530
77531
77532
77533
83496
77534
77535
77536
77537
77538
77539
77540
77541
77542
77543
83497
77544
84496
77545
77546
77547
77548
77549
77550
83498
83499
77551
77552
77553
77554
83500
83501
77555
77556
77557
77558
83502
77559
77561
77560
77562
77563
77564
77565
77566
77567
77568
77569
82412
77570
77571
77572
77573
83503
77574
77575
77576
77577
83504
77578
77579
77580
77581
77582
83505
77583
77584
83506
77585
77586
77587
77588
77589
77590
77591
77592
77593
77594
77595
77596
77597
83507
77598
77599
77600
77601
77602
77603
77604
77605
77606
77607
77608
77609
77610
77611
77612
77613
77614
77615
77616
77617
77618
83508
83509
83510
77619
77620
77621
77622
77624
77625
77626
77627
77628
77629
77630
77631
77632
83512
77633
77634
77635
77636
77637
77638
77639
77640
77641
77642
77643
77644
77645
77646
77647
77648
77649
77650
77651
77652
77653
77654
77655
83513
77656
77657
77658
77659
77660
77661
83515
77662
77663
77664
77665
77666
83516
83517
77667
77668
77669
77670
77671
77672
77673
77674
77675
77676
77677
77678
77679
77680
77681
77682
77683
77684
77685
77686
77687
77688
77689
77690
77691
77692
77693
77694
77695
77696
77697
77698
77699
77700
77701
77702
77703
77704
82343
83519
83520
77705
77706
83521
77707
83522
77708
77709
77710
77711
77712
77713
77714
77715
77716
77717
83523
77718
77719
77720
77721
77722
77723
77724
77725
83524
77726
83525
77727
77728
77729
77730
77731
77732
77733
77734
77735
77736
77737
77738
83526
77739
77740
77741
82416
77742
77743
77744
77745
77746
77747
77748
77749
77750
77751
77752
77753
77754
77755
83527
77756
77757
83528
77759
77758
77760
77761
77762
77763
77764
77765
77766
77767
77768
77769
77770
77771
77772
82370
83529
77773
77774
77775
77776
77777
77778
77779
77780
77781
77782
77783
77784
77785
77786
83530
77787
77788
77789
77790
82414
83531
77791
77792
77793
77794
83532
77795
77796
77797
77798
83533
77799
77800
77801
77802
77803
77804
77805
77806
77807
77808
83534
77809
77810
77811
83535
77812
77813
83536
77814
77815
77816
77817
77818
77819
77820
77821
77822
77823
77824
77825
77826
77827
77828
83537
83538
77829
77830
77831
77832
77833
77834
77835
77836
77837
77838
77839
77840
77841
77842
77843
77844
77845
77846
77847
77848
77849
77850
77851
77852
77853
77854
77855
77856
83539
77857
77858
83540
83541
83542
77859
83543
77860
77861
83544
77862
77863
83545
77865
77866
77867
83546
77868
77869
77870
77871
77872
77873
77874
77875
77876
77877
77878
77879
77880
77881
77882
77883
77884
77885
77886
77887
77888
77889
77890
77891
77892
77893
77894
77895
77896
83547
83548
77897
83549
83550
83551
77898
77899
77900
83552
83553
83554
77901
77902
77903
77904
77905
77906
83555
77907
77908
77909
77910
77911
77912
77913
77914
77915
77917
77916
77918
77919
77920
77921
77922
83556
83557
77923
77924
77925
77926
77927
83558
83559
77928
77929
77930
77931
77932
77933
77934
77935
77936
77937
77938
77939
83560
77940
77941
77942
83561
77943
77944
77945
77946
83562
77947
77948
77949
77950
77951
83563
77952
77953
77954
77955
77956
77957
83564
77958
77959
77960
77961
83565
77962
77963
77964
77966
77967
77968
77969
77970
83566
77971
83567
77972
77973
77974
77975
77976
77977
77978
77979
77980
83568
77981
77982
77983
77984
77985
77986
83569
77987
77988
83570
77989
83571
83572
77990
77991
77992
83573
77993
77994
77995
77996
77997
77998
77999
78000
78001
78002
78003
78004
78005
78006
78007
78008
78009
83574
83575
78010
78011
78012
78013
78014
78015
78016
78017
83576
78018
78019
78020
78021
78022
82404
78023
78024
78025
83577
83578
83579
78026
83580
78027
78028
78029
78030
78031
78032
78033
78034
78035
78036
83581
78037
78038
78039
78040
78041
83582
78042
78043
78044
78045
83583
78046
78047
78048
83584
78049
78050
78051
78052
78053
78054
78055
83585
78056
78057
78058
78059
78060
78061
78062
78063
78064
78065
83586
78066
78067
78068
78069
78070
78071
78072
78073
78074
78075
78076
78077
78078
83587
78079
78080
78081
78082
78083
78084
78085
78086
78087
83588
83589
78088
83590
78089
78090
78091
78092
78093
78094
78095
78096
83591
78097
78098
78099
78100
78101
78102
78103
78105
78106
78107
78108
78109
78110
83592
78111
83593
78112
78113
83594
78114
78115
78116
83595
78117
83596
78118
83597
83598
78119
83599
78120
78121
78122
78123
83600
78124
78125
78126
78127
78128
78129
78130
83601
78131
78132
78133
78134
78135
78136
78137
78138
78139
78141
83602
78142
78143
78144
78145
78146
78147
78148
78149
78150
78151
78152
78153
78154
78155
78156
78157
78158
83603
78159
78160
83604
78161
78162
78163
78164
78165
82411
78166
78167
78168
83605
78169
78170
83606
78171
78172
78173
78174
78175
82344
78176
78177
78178
83607
78179
78180
78181
78182
78183
78184
83609
78185
78186
78187
83610
78188
78189
78190
78191
78192
83611
78193
78194
78195
78196
78197
78198
78199
78200
78201
83612
83613
78202
78203
78204
78205
83614
78206
78207
78208
78209
78210
78211
78212
78213
78214
78215
78216
78217
83616
78218
78219
78220
78221
78222
83617
78223
78224
78225
78226
78227
78228
78229
83618
83619
78230
83620
78231
78232
78233
78234
78235
78236
78237
78238
78239
83621
78240
83622
78241
78242
78243
78244
78245
78246
78247
78248
78249
78250
78251
78252
83623
83624
78253
78254
78255
78256
78257
78258
78259
78260
78261
78262
78263
78264
78265
78266
78267
78268
78269
82351
83625
78270
78271
78272
78273
78274
78275
83626
83627
78276
78277
78278
84483
78279
78280
78281
83628
78282
78283
83629
83630
78284
83631
78285
78286
78287
78288
78289
78290
78291
83632
78292
78293
83633
78294
78295
78296
78297
78298
78299
83634
78300
78301
78302
78303
78304
78305
78306
78307
83635
78309
78310
78311
78312
78313
78314
78315
78316
78317
78318
78319
78320
78321
78322
78323
78324
83637
78325
78326
83638
78327
78328
83639
78329
78330
78331
78332
78333
78334
78335
83640
83641
83642
83644
78336
78337
78338
83645
78339
84487
78340
78341
78342
78343
78344
83646
78345
78346
83647
78347
78348
78349
83648
78350
78351
78352
78353
78354
78355
78356
78357
78358
78359
78360
83649
83650
83651
83652
78361
83653
78362
83654
83655
78363
78364
78365
83656
83657
78366
78367
83658
78368
78369
82357
83659
83660
83661
78370
78371
78372
78373
78374
78375
78376
78377
78378
78379
78380
78381
78382
83662
83663
78383
78384
78385
78386
78387
78388
78389
78390
78391
78392
78393
78394
78395
78396
78397
83664
78398
83665
83666
78399
83667
78400
78401
78402
78403
78404
83668
78405
78406
78407
78408
83669
78409
83670
78410
78411
78412
78413
78414
78415
83671
78416
78417
78418
78419
83672
83673
78420
78421
78422
83674
78423
78424
78425
78426
78427
78428
78429
78430
78431
78432
78433
78434
83676
78435
78436
78437
78438
78439
78440
78441
83677
78442
78443
78444
83678
82358
78445
83679
78446
78447
78448
78449
78450
78451
78452
78453
78454
78455
78456
82356
78457
78458
78459
78460
78461
83680
78462
78463
83681
78464
78465
78466
78467
83682
78468
78469
78470
78471
78472
78473
78474
78475
78476
78477
78478
78479
78480
78481
78482
78483
78484
78485
78486
78487
78488
83683
78489
78490
78491
78492
78493
78494
78495
83684
78496
78497
78498
78499
78500
78501
83685
78502
83686
78503
78504
78505
78506
83687
83688
78507
78508
78509
78510
78511
78512
78513
78514
78515
78516
78517
78518
78519
78520
78521
78522
78523
78524
78525
78526
78527
83689
78528
78529
78530
78531
78532
78533
78534
83690
83691
83692
78535
78536
78537
78538
78539
78540
78541
78542
83693
83694
83695
78543
83696
78544
78545
78546
78547
78548
78549
78550
83697
78551
78552
78553
78554
78555
78556
78557
78558
78559
78560
78561
83698
78562
83699
83700
78563
78564
78565
78566
78567
78568
78569
83701
78570
78571
78572
78573
78574
78576
78577
78578
78579
78580
78581
78582
78583
78584
78585
78586
78587
78588
78589
78590
78591
78592
78593
78594
78595
78596
78597
78598
78599
78600
78601
83703
78602
78603
78604
78605
78606
78607
78608
78609
78610
83704
78611
78612
78613
78614
78615
78616
78617
78618
78619
78620
78621
78622
78623
78624
78625
78626
78627
78628
78629
78630
78631
78632
83705
78633
78634
78635
78636
84486
83706
83707
83708
83709
78637
78638
78639
83710
83711
78640
83712
83713
83714
78641
78642
78643
83715
78644
78645
78646
78647
78648
78649
78650
78651
78652
78653
78654
78655
78656
72446
72447
72448
72449
72450
72451
72452
72453
72454
72455
72456
72457
72458
72459
72460
72461
82420
82421
72463
72464
72465
72466
72467
72468
72469
72470
72471
72472
72473
72474
72475
72476
72477
72478
72479
72480
72481
72482
72483
72484
72485
72486
72487
72488
72489
72490
72491
72492
72493
72494
72495
72496
72497
72498
72499
72501
72502
72503
72504
72505
72506
72507
72508
72509
72510
72511
72512
72514
78657
78658
78659
78660
78661
78662
78663
83716
83717
78664
78665
78666
83718
78667
78668
78669
78670
78671
83720
78672
78673
78674
78675
78676
83721
78677
78678
78679
83722
78680
78681
78682
83723
78683
78684
78685
78686
78687
83724
83725
78688
78689
78690
78691
78692
78693
83726
78694
78695
78696
78697
78698
78699
78700
78701
83727
83728
78703
78704
78705
78706
78707
78708
78709
78710
78711
78712
78713
78714
78715
78716
78717
78718
78719
78720
78721
78722
78723
83729
78724
78725
78726
78727
78728
78729
78730
83730
83731
78731
78732
78733
78734
78735
78736
78737
78738
78739
78740
78741
78742
83732
78743
83733
78744
78745
78746
83734
83735
78747
83736
78748
83737
83738
78749
78750
78751
84498
78752
78753
78754
78755
78756
78757
78758
83739
83740
78759
83741
78760
78761
83742
78762
78763
78764
78765
78766
78767
78768
83743
78769
83744
82385
78770
78771
78772
83745
78773
78774
78775
78776
83746
78777
78778
78779
78780
78781
78782
78783
78784
78785
78786
78787
78788
78789
78790
78791
83747
78792
78793
83748
83749
83750
83751
83752
78794
83753
78795
78796
78797
78798
78799
83754
78800
83755
78801
78802
78803
78804
78805
78806
78807
78808
78809
78810
78811
78812
78813
78814
83756
78815
78816
78817
78818
78819
78820
78821
78822
78823
78824
78825
78826
78827
78828
84489
78829
78830
83757
78831
78832
78833
78834
78835
83758
78836
78837
78838
83759
78839
78840
78841
78842
78843
78844
83760
78845
83761
83762
83763
78846
78847
83764
83765
78848
78849
78850
78851
78852
78853
83766
78854
78855
78856
78857
78858
78859
78860
78861
78862
78863
78864
78865
78866
78867
78868
78869
78870
78871
78872
78873
78874
78875
78876
78877
78878
78879
78880
83767
83768
83769
78881
78882
83770
83771
83772
78883
78884
78885
78886
78887
78888
78889
78890
78891
78892
78893
78894
78895
78896
78897
78898
78899
83773
78900
78901
78902
83774
78903
83775
78904
78905
83776
78906
78907
78908
78909
78910
78911
78912
78913
83777
78914
78915
78916
83778
78917
78918
78919
78920
78921
78922
83780
78923
78924
78925
78926
78927
78928
78929
78930
83783
78931
78932
78933
78934
78935
83784
78936
83785
78937
78938
78939
78940
78941
78942
78943
78944
78945
78946
78947
78948
78949
78950
78951
78952
78953
78954
83786
78955
78956
83787
78957
78958
78959
78960
78961
83788
78962
78963
83789
78964
78965
83790
78966
83791
78967
78968
83792
78969
78970
78971
78972
78973
78974
78975
78976
78977
78978
72515
78979
78980
78981
78982
78983
83793
78984
78985
78986
78987
78988
78989
78990
78991
78992
83794
83795
78993
82390
83796
78994
78995
78996
78997
78998
78999
79000
79001
79002
79003
79004
79005
83797
79006
79007
79008
79009
79010
79011
79012
79013
79014
79015
79016
83798
79017
79018
79019
79020
79021
79022
79023
79024
79025
79026
79027
79028
79029
79030
79031
79032
79033
83799
79034
79035
79037
79038
79039
79040
79041
79042
79043
79044
79045
79046
79047
79048
79049
79050
83800
83801
79051
83802
79052
83803
79053
79054
79055
79056
79057
79058
79059
83804
83805
79060
79061
79062
79063
79064
79065
79066
79067
79068
79069
79070
83806
79071
79072
79073
83807
79074
79075
79076
83808
79077
79078
79079
79080
79081
79082
79083
79084
79085
79086
79087
79088
79089
79090
79091
79092
79093
79094
79095
79096
83809
79097
79098
79099
79100
79101
79102
79103
79104
79105
79106
79107
83810
79108
79109
79110
79111
79112
82389
79113
79114
79115
79116
79117
79118
83811
79119
82360
79120
79121
83812
79122
79123
79124
83813
79125
79126
83814
79127
79128
79129
83815
79130
83816
83817
79131
79132
79133
79134
79135
79136
79137
79138
79139
83818
83819
79140
79141
79142
79143
83820
79144
79145
79146
79147
79148
79149
79150
83821
79151
79152
83822
79153
79154
79155
79156
79157
79158
79159
79160
79161
79162
83823
79163
79164
79165
79166
79167
79168
79169
79170
79171
83824
83825
79172
79173
79174
79175
79176
79177
79178
79179
83826
79180
83827
79181
79182
79183
83828
79184
79185
79186
79187
79188
79189
79190
79191
83829
79192
79193
79194
79195
79196
79197
79198
79199
83830
83831
83832
79200
79201
79202
79203
79204
79205
83833
83834
79206
79207
79208
79209
79210
83835
79211
79212
79213
83836
82361
79214
83837
83838
79215
79216
79217
79218
79219
79220
79221
83839
79222
79223
79224
79225
79226
79227
83840
79228
79229
79230
79231
79232
79233
79234
82369
79235
79236
79237
79238
79239
83841
83842
79241
79242
79243
79244
79245
79246
79247
79248
79249
79250
79251
79252
79253
79254
79255
79256
79257
79258
79259
79260
83843
83844
79261
79262
79263
79264
79265
79266
79267
79268
79269
79270
83845
79271
79272
79273
79274
79275
79276
79277
79278
79279
79280
79281
79282
83846
83847
79283
79284
83848
79285
79286
79287
79288
83849
83850
79289
79290
79291
79292
83851
79293
83854
83855
79294
79295
79296
79297
79298
79299
79300
79301
79302
79303
79304
79305
79306
79307
79308
79309
79310
79311
79312
79313
83856
79314
79315
79316
79317
79318
79319
79320
79321
79322
79323
79324
79325
79326
79327
79328
79329
79330
79331
79332
79333
79334
83857
79335
79336
79337
79338
79339
79340
79341
79342
79343
79344
79345
83858
79346
83859
79347
79348
79349
79350
79351
79352
79353
83860
79354
79355
79356
79357
83861
79358
83862
79359
79360
79361
79362
79363
79364
79365
79366
79367
79368
79369
79370
79371
79372
79373
83863
79374
83864
79375
83865
84513
79376
79377
79378
79379
79380
79381
79382
79383
79384
79385
79386
79387
79388
79389
83866
79390
79391
79392
79393
79394
79395
79396
79397
79398
79399
79400
79401
79402
83867
79403
79404
79405
79406
79407
79408
79409
83868
83869
79410
79411
79412
83870
79413
79414
79415
79416
79417
79418
79419
79420
79421
79422
83871
83872
83873
79423
79424
79425
79426
79427
79428
83874
79429
79430
79431
79433
83875
79434
79435
79436
79437
79438
79439
83876
79440
79441
79442
79443
79444
79445
79446
79447
83877
83878
79448
79449
79450
83879
79451
79452
79453
79454
79455
83880
79456
83881
79457
79458
79459
79460
79461
79462
79463
79464
79465
79466
79467
79468
79469
79470
79471
79472
79473
79474
79475
79476
83882
79477
79478
79479
79480
79481
79482
79483
79484
79485
83883
79486
79487
79488
79489
79490
79491
79492
79493
79494
79495
83884
79496
79497
79498
79499
79500
79501
79502
83885
83886
79503
82333
79504
79505
79506
79507
79508
83887
79509
83888
83889
79510
79511
79512
79513
79514
79515
83890
83891
79516
79517
79518
79519
79520
79521
79522
79523
79524
79525
79526
79527
79528
83892
83893
79529
79530
79531
79532
83894
79533
79534
79535
79536
79537
79538
79539
79540
79541
79542
79543
79544
79545
79546
79547
83895
83896
79548
79549
83897
83898
79550
79552
79553
83899
79554
79555
79556
79557
79558
79559
83900
79560
79561
83901
79562
79563
79564
79565
79566
79567
79568
79569
79570
79571
79572
79573
79574
83902
83903
79575
79576
79577
83905
79578
79579
79580
79581
83906
79582
83907
83908
83909
79583
83910
79584
79585
79586
79587
79588
79589
79590
79591
79592
79593
79594
79595
83911
79596
79597
79598
79599
79600
79601
79602
79603
79604
79605
79606
79607
79608
79609
79610
79611
79612
79613
79614
83912
79615
79616
79617
79618
79619
79620
79621
79622
83914
83915
83916
79623
79624
79625
79626
79627
79628
79629
79630
79631
79632
83917
83919
83920
79633
79634
79635
79636
79637
83921
83922
79638
79639
79640
79641
79642
79643
83923
79644
82398
79645
79646
83925
79647
79648
79649
79650
79651
79652
79653
79654
79655
79656
79657
79658
79659
79660
84518
83926
79661
83927
79662
79663
83928
79664
79665
79666
79667
79668
79669
79670
79671
83929
79672
79673
79674
79675
79676
79677
79678
79679
83930
79680
79681
79682
79683
83931
79684
79685
79686
79687
79688
79689
79690
79691
79692
79693
79694
79695
79696
83932
79697
83933
79698
79699
79700
79701
79702
79703
83934
79704
79705
79706
79707
79708
79709
79710
79711
79712
79713
79714
83935
79715
79716
79717
79718
79719
83936
79720
79721
79722
79723
79724
79725
79726
79727
79728
79729
79730
79731
79732
79733
79734
79735
79736
79737
79738
84502
79739
79741
79742
79743
79744
79745
79746
79747
79748
79749
83937
79750
83938
79751
83939
79752
79753
79754
79755
79756
79757
83940
79758
79759
79760
79761
79762
83941
79763
79764
83942
79765
83943
83944
83945
83946
79766
79767
83947
79768
83948
79769
83949
79770
79771
83950
79772
79773
83951
79774
79775
83952
79776
79777
79778
83953
79779
79780
79781
83954
79782
79783
79784
79785
79786
79787
79788
79789
79790
79791
79792
79793
79794
79795
83955
79796
79797
83956
79798
79799
79800
79801
79802
83957
79803
79804
79805
79806
79807
79808
79809
79810
79811
79812
79813
79814
79815
79816
79817
79818
79819
79820
79821
79822
79823
79824
79825
79826
79827
79828
79829
79830
79831
79832
79833
79834
79835
83958
83959
79836
79838
79839
79840
79841
79842
79843
79844
79845
79846
79847
79848
83960
79849
79850
79851
79852
79853
79854
79855
83961
79856
79857
79858
79859
83962
83963
79860
79861
79862
79863
79864
79866
79867
79868
79869
79870
79871
79872
79873
83964
79874
79875
79876
79877
79878
83965
79879
79880
79881
79882
79883
79884
83966
79885
79886
79887
79888
79889
79890
83967
79891
79892
83968
79893
79894
79895
79896
79897
79898
83969
79899
79900
79901
79903
79904
79905
79906
79907
79908
83970
79909
79910
79911
79912
79913
79914
79915
79916
83971
79917
79918
79919
79920
83972
79921
79922
79923
79924
79925
83973
79926
79927
83974
79928
79929
79930
79931
79932
83975
79933
83976
83977
79934
79935
83978
79936
79937
79938
79939
79940
79941
79942
79943
83979
79944
79945
79946
79947
83980
79948
83981
83982
79949
83983
79950
79951
79952
79953
79954
79955
79956
79957
79958
79959
79960
79961
79962
83984
79963
79964
79965
83985
79966
79967
79968
83986
79969
79970
79971
79972
79973
79974
79975
79976
79977
79978
79979
79980
79981
79982
79983
79984
79985
79986
79987
79988
83987
79989
79990
83988
79991
79992
79993
79994
79995
79996
79997
79998
79999
80000
80001
80002
80003
83989
80004
80005
80006
80007
80008
80009
80010
83990
80011
80012
80013
83991
80014
80015
80016
80017
80018
83992
80019
80020
83993
80021
80022
80023
80024
80025
80026
80027
80028
80029
80030
80031
83994
83995
83996
80032
80033
80034
80035
80036
83997
80037
80038
80039
80040
80041
80042
80043
80044
80045
80046
80047
83998
80048
80049
80050
80051
83999
84000
80052
80053
84001
80054
80055
84002
80056
80057
80058
80059
80060
80061
80062
80063
84501
80064
80065
80066
80067
80068
84003
80069
80070
80071
80072
80073
84004
80074
80075
80076
80077
80078
80079
80080
80081
80082
84005
80083
84006
80084
84007
80085
80086
80087
84008
80088
84009
80089
80090
80091
84010
80092
80093
80094
84011
80095
80096
80097
80098
80099
80100
80101
80102
84012
80103
84013
80104
80105
80106
84014
80107
80108
80109
80110
80111
80112
80113
80114
84015
80115
80116
80117
84016
80118
80119
80120
80121
80122
80123
80124
84017
80125
80126
80127
80128
80129
84018
80130
80131
80132
80133
82347
80134
84019
80135
80136
80137
80138
80139
80140
80141
84020
80142
80143
84021
80144
80145
80146
84022
80147
80148
80149
80150
80151
80152
84023
84025
80153
80154
80155
84026
80156
80157
80158
80159
80160
80161
80162
84027
80163
80164
80165
84028
80166
80167
80168
80169
80170
84029
80171
80172
80173
80174
80175
80176
80177
80178
80179
80180
80181
80182
80183
80184
80185
80186
80187
80188
80189
80190
80191
80192
80193
84030
80194
84031
84032
80195
80196
80197
80198
80199
80200
80201
80202
80203
80204
84033
80205
80206
80208
80209
80210
80211
80212
80213
80214
80215
80216
80217
80218
80219
84034
80220
80221
80222
80223
80224
80225
80226
84504
80227
80228
84035
82376
84036
80229
80230
80231
80232
80233
80234
80235
84037
80236
80237
80238
80239
80240
80241
80242
80243
80244
80245
80246
82325
84038
80247
80248
80249
80250
80251
80252
80253
80254
80255
80256
80257
84039
80258
84040
84041
80259
84042
84043
84044
80260
80261
80262
80263
80264
80265
80266
80267
80268
80269
80270
80271
80272
80273
80274
80275
80276
80277
84045
80278
80279
80280
80281
80282
84046
80283
80284
84047
84048
80285
80286
84049
84050
80287
80288
80289
80290
80291
84051
80292
80293
84052
80294
80295
80296
80297
80298
80299
80300
80301
80302
80303
80304
80305
80306
80307
80308
80309
80310
80311
80312
84053
82395
80313
80314
80315
84054
80316
80317
84055
80318
80319
80320
80321
80322
80323
84056
80324
80325
80326
84057
80327
80328
80329
80330
80331
80332
80333
80334
80335
80336
80337
84058
80338
80339
80340
80341
80342
80343
80344
80345
80346
80347
84059
80348
80349
80350
80351
84060
80352
80353
84061
80354
80355
80356
80357
80358
80359
80360
80361
80362
80363
84063
80364
80365
80366
80367
80368
80369
80370
80371
80372
80373
84064
84065
84066
84067
80374
80375
80376
80377
80378
80379
84068
80380
82324
80381
80382
80383
80384
80385
84070
80386
80387
80388
80389
80390
80391
80392
80393
80394
80395
80396
80397
80398
80399
80400
80401
84071
80402
80403
80404
80405
80406
80407
84072
84073
80408
80409
80410
80411
80412
80413
80414
80415
80416
80417
80418
80419
84074
80420
80421
80422
84076
84075
80423
80424
84077
80425
80426
80427
80428
80429
80430
80431
84078
80432
84079
80433
80434
80435
80436
84080
84081
80437
84082
80438
80439
80440
80441
80442
80443
84083
80444
80445
80446
84499
80447
84084
80448
80449
80450
80451
84085
80452
80453
80454
80456
80457
80458
80459
80460
80461
80462
80463
80464
80465
80466
80467
80468
80469
80470
80471
80472
80473
84086
80474
80475
80476
80477
80478
80479
80480
80481
80482
80483
80484
80485
80486
80487
80488
84087
80489
80490
80491
82338
84088
80492
80493
80495
80494
80496
80497
80498
80499
80500
80501
80502
80503
80504
80505
80506
84089
80507
80508
80509
80510
80511
80512
80513
84090
80514
80515
80516
80517
80518
80519
84091
80520
80521
80522
80523
84092
80524
80525
80526
80527
84093
84094
80528
80529
84095
80530
80531
80532
80533
80534
80535
80536
80537
84096
80538
80539
80540
80541
80542
80543
84097
80544
80545
80546
80547
80548
80549
80550
80551
84098
84099
84100
80552
80553
84101
80554
80555
82396
80556
84104
80558
80559
80560
80561
80562
80563
80564
84105
80565
80566
80567
80568
80569
80570
80571
80572
80573
80574
84106
80575
84107
80576
80577
80578
80579
84108
80580
80581
80582
80583
84109
80584
80585
80586
80587
84110
80588
80589
80590
80591
80592
80593
80594
80595
80596
80597
84111
80598
80599
80600
80601
80602
80603
84112
80604
80605
84113
80606
80607
80608
80609
84114
80610
80611
80612
84115
80613
80614
80615
80616
80617
80618
80619
84116
80620
80621
80622
80623
80624
80625
80626
84117
80627
80628
80629
80630
80631
80632
80633
80634
80635
80636
84119
80637
80638
80639
80640
80641
80642
80643
80644
80645
80646
80647
80648
80649
84120
80650
80651
80652
80653
84121
80654
84122
80655
84517
84123
80656
80657
80658
80659
84124
80660
84125
80661
84126
80662
84127
80663
80664
84128
80665
84129
80666
80667
84130
80668
80669
80670
80671
80672
80673
80674
80675
84131
84132
80676
80677
84133
80678
80679
84134
80680
80681
80682
80683
80684
80685
80686
80687
80688
80689
80690
80691
80692
80693
80694
80695
80696
80697
84135
84136
80698
80699
84137
80700
80701
80702
84138
84139
84140
80703
80704
84141
84142
80705
80706
84143
80707
80708
80709
84144
84145
84146
80710
80711
80712
80713
80714
80715
80716
80717
80718
80719
80720
80721
84147
80722
80723
80724
80725
80726
80727
80728
80729
80730
80731
80732
80733
80734
80735
80736
80737
80738
80739
80740
80741
80742
80743
80744
80745
80746
84148
84149
80747
80748
84150
80749
84151
84152
80750
80751
80752
80753
80754
80755
80756
84153
80757
80758
80759
80760
80761
80762
80763
80764
80765
80766
80767
80768
84155
80769
80770
80771
80772
84156
80773
80774
80775
80776
80777
80778
80779
80780
80781
84157
80782
84158
80783
80784
80785
80786
84159
80787
80788
84160
80789
84161
84162
84163
80790
80791
80792
80793
80794
80795
80796
80797
84164
80798
84166
80799
80800
80801
80802
80803
80804
80805
80806
80807
84168
84169
80808
80809
80810
80811
80812
80813
80814
80815
84170
80816
80817
80818
80819
80820
80821
80822
80823
80824
80825
84171
80826
80827
80828
80829
80830
84172
80831
84173
84174
80832
80833
80834
80835
80836
84175
80837
82348
84482
80838
80839
80840
80841
80842
84176
80843
80844
80845
80846
80847
80848
80849
80850
80851
80852
80853
80854
80855
80856
80857
84177
82400
84178
80858
80859
80860
80861
80862
80863
80864
80865
80866
80867
80868
80869
80870
80871
80872
80873
80874
80875
80876
80877
80878
80879
80880
80881
80882
80883
80884
80885
80886
80887
84179
80888
84180
80889
80890
80891
84181
80892
80893
84182
80894
80895
84183
80896
80897
80898
80899
82341
84184
84185
80900
80901
80902
80903
80904
80905
80906
80907
84186
80908
80909
80910
80911
80912
80913
84187
80914
80915
80916
80917
84188
80918
80919
80920
80921
80922
80923
80924
80925
80926
80928
80929
80931
80932
80933
84189
80934
80935
80936
80937
80938
84190
80939
80940
80941
80942
80943
80944
80945
80946
84191
80947
80948
80949
80950
84192
80951
80952
80953
80954
80955
84193
80956
84194
80957
80958
80959
80960
84503
80961
80962
80963
80964
80965
80966
80967
80968
80969
80970
84195
80971
80972
80973
84196
80974
80975
80976
80977
80978
80979
80980
80981
80982
80983
80984
80985
80986
80987
84197
80988
80989
80990
80991
80992
80993
80994
80995
80996
80997
80998
80999
81000
81001
81002
81003
81004
84198
81005
81006
84199
81007
81008
81009
81010
84200
81011
81012
81013
84201
81014
81015
81016
84202
81017
84203
84204
84205
81018
81019
81020
81021
81022
81023
84206
81024
81025
84207
81026
81027
81028
81029
84208
81030
81031
81032
81033
84209
81034
81035
81036
81037
81038
81039
81040
81041
81042
84210
81043
81044
81045
81046
81047
81048
81049
81050
81051
81052
81053
81054
81055
81056
81057
81058
84212
84213
84214
84215
81059
81060
81061
81062
81063
81064
81065
81066
81067
81068
81069
81070
81071
81072
81073
81074
81075
81076
81077
81078
81079
81080
81081
81082
81083
81084
81085
81086
81087
81088
81089
81090
81091
81092
81093
84216
81094
81095
81096
81097
81098
81099
81100
81101
84217
81102
81103
81104
81105
81106
81107
81108
81109
81110
81111
81112
81113
81114
81115
82342
84218
81116
81117
81118
81119
81120
81121
81122
81123
81124
81125
84219
81126
81127
81128
81129
81130
81131
81132
84220
84221
81133
81134
84222
84223
81135
81136
81137
81138
81139
81140
81141
81142
81143
81144
81145
84224
81146
81147
81148
81149
81150
81151
81152
81153
81154
81155
81156
81157
81158
81159
84225
81160
81161
81162
84226
81163
81164
81165
84227
81166
81167
81168
81169
81170
81171
81172
81173
81174
81175
81176
81177
84228
81178
81179
81180
81181
81182
84229
81183
81184
81185
81186
84230
81187
84231
81188
81189
81190
81191
81192
81193
81194
84232
81195
81196
81197
84233
81198
84234
81199
81200
81201
81202
81203
81204
81205
81206
81207
82331
84235
81208
81209
81210
81211
81212
84236
81213
81214
81215
81216
84237
84238
84239
81217
81218
81219
81220
81221
81222
84240
81223
81224
81225
81226
81227
81228
81229
81230
81232
81233
84241
81234
81235
81236
81237
81238
81239
81240
81241
81242
81243
81244
81245
84242
81246
81247
81248
81249
84243
84244
84245
84246
84247
84248
84249
81250
81251
81252
81253
81254
81255
81256
81257
81258
84250
81259
81260
81261
81262
84251
81263
84252
81264
81265
84253
81267
81268
84254
81269
81270
81271
81272
81273
81274
84255
81275
81276
81277
81278
84506
84256
81279
84257
84258
81280
81281
81282
81283
81284
81285
81286
81287
81288
81289
81290
84259
81291
84260
81292
84262
81293
81294
81295
81296
81297
81298
84263
81299
81300
81301
81302
81303
84264
81304
81305
81306
81307
81308
81309
81310
81311
81312
81313
84265
81314
81315
81316
81317
81318
81319
81320
81321
84266
81322
81323
81324
81325
81326
81327
81328
84267
81329
84268
81330
81331
81332
81333
81334
81338
81339
81335
84269
81336
81337
81340
81341
81342
81343
81344
81345
81346
81347
81348
81349
81350
81351
81352
81353
81354
82354
81355
81356
84270
81357
84271
81358
81359
81360
81361
81362
81363
81364
81365
81366
81367
81368
81369
81370
81371
81372
81373
81374
81375
81376
81377
81378
81379
81380
81381
81382
81383
81384
81385
84272
84273
81386
81387
81388
84274
84275
84276
84277
81389
81390
81391
81392
81393
81394
81395
81396
81397
81398
81399
84278
81400
81401
81402
81403
81404
84279
84280
81405
84281
84282
81406
84283
84284
81407
84285
84286
84287
81408
84288
81409
81410
81411
81412
84289
81413
81414
81415
81416
84290
81417
81418
81419
84291
81420
81421
81422
81423
81424
81425
81426
81427
81428
81429
84292
81430
81431
81432
81433
81434
81435
84294
81436
81437
84295
84296
81438
81439
81440
81441
81442
81443
81444
81445
84297
84298
81446
81447
81448
81449
81450
81451
81452
84299
81453
81454
81455
81456
81457
84300
81458
81459
81460
81461
84301
84302
81462
81463
84303
81464
81465
81466
81467
81468
81469
81470
84304
81471
81472
81473
81474
81475
84305
81476
82392
81477
81478
81479
81480
81481
81482
82363
81483
81484
81485
81486
81487
81488
81489
81490
81491
81492
81493
81494
81495
81496
81497
81498
81499
81500
81501
81502
81503
81504
82371
81505
81506
81507
81508
81509
81510
81511
81512
81513
81514
81515
81516
81517
81518
81519
81520
84306
84307
81521
81522
81523
81524
81525
84308
81526
81527
81528
81529
84309
84310
81530
81531
81532
81533
81534
84311
82345
81535
84312
81536
81537
84313
81538
81539
81540
81541
81542
81543
81544
81545
81546
84314
81547
81548
81549
81550
84315
81551
81552
81553
81554
81555
84316
81556
84317
81557
81558
81559
81560
81561
81562
81563
81564
81565
81566
81567
81568
81569
81570
81571
84318
81572
81573
81574
81575
81576
81577
81578
81579
81580
81581
81582
81583
81584
81585
81586
84319
81587
81588
81589
81590
81591
81592
81593
84320
81594
81595
81596
84321
81597
81598
81599
81600
81601
81602
84322
81603
81604
81605
81606
81607
81608
81609
81610
81611
81612
81613
81614
81615
81616
81617
81618
81619
81620
81621
84323
81622
81623
81624
81625
81626
81627
81628
84324
81629
81630
81631
81632
81633
84325
81634
81635
81636
81637
81638
84326
81639
81640
84327
81641
81642
84328
81643
81644
84329
81645
81646
81647
81648
81649
81650
81651
81652
81653
81654
81655
81656
81657
81658
81659
81660
81661
81662
81663
81664
81665
81666
81667
81668
81669
81670
81671
81672
81673
81674
81675
81676
81677
81678
81679
84331
84332
81680
84333
81681
81682
81683
81684
81685
81686
81687
84334
81688
84335
81689
81690
84336
81691
81693
81694
81695
81696
81697
81698
81699
81700
81701
81702
81703
81704
84337
81705
81706
81707
81708
81709
81710
81711
81712
81713
81714
81715
81716
81717
81718
81719
81720
81721
84338
81722
81723
81724
84339
84340
81725
81726
81727
81728
81730
81731
81732
81733
81734
81735
81736
81737
84341
81738
81739
81740
81741
81742
81743
81744
81745
84342
81746
81747
81748
84494
81749
81750
81751
81752
81753
81754
81755
81756
84343
81757
81758
84344
81759
81760
84345
84346
81761
81762
81763
81764
81765
81766
81767
81768
84347
81769
81770
81771
84348
84349
81772
81773
81774
81775
81776
81777
81778
81779
81780
81781
81782
81783
81784
81785
81786
81787
81788
84350
81789
81790
84351
81791
81792
81793
81794
81795
81796
81797
81798
81799
81800
81801
81802
81803
81804
81805
81806
81807
81808
84352
81809
81810
81811
81812
81813
81814
81815
84353
81816
81817
81818
81819
81820
84354
81821
81822
81823
84355
81824
81825
81826
81827
81828
81829
81830
81831
81832
81833
81834
81835
81836
81837
81838
84356
81839
81840
84357
81841
81842
81843
81844
81845
84358
81846
81847
81848
81849
81850
81851
81852
81853
81854
84360
81855
81856
81857
81858
81859
81860
81861
81862
81863
81864
81865
81866
81867
84361
81868
81869
81870
84362
81871
81872
81873
81874
81875
81876
81877
81878
81879
81880
81881
81882
81883
81884
81885
81886
81887
84363
81888
81889
81890
81891
81892
84364
81893
81894
84365
81895
81896
84366
84367
81897
81898
81899
81900
81901
81902
81903
81904
81905
81906
81907
84368
81908
81909
81910
81911
81912
81913
81914
84369
81915
81916
81918
81917
84370
84371
81919
81920
81921
81922
81923
81924
81925
81926
81927
81928
81929
84372
81930
81931
84373
81932
81933
81934
81935
81936
81937
84374
81938
81939
81940
81941
81942
84375
81943
81944
81945
81946
84376
81947
81948
81949
81950
84377
81951
81952
84378
81953
81954
81955
81956
81957
84515
84379
84380
81958
81959
81960
81961
81962
81963
81964
81965
81966
81967
81968
81969
81970
81971
81972
81973
81974
81975
81976
81977
81978
81979
81980
81981
81982
81983
81984
81985
81986
81987
81988
81989
81990
81991
81992
81993
81994
81995
84382
84383
81996
81997
84384
81998
81999
82000
82001
84385
82002
82003
82004
82005
82006
82007
84386
84387
82008
82009
82010
82011
82012
82013
82014
84388
82015
82016
82018
82019
82020
82021
82022
82023
82024
82025
84389
82026
82027
82028
82029
82030
82031
84390
82032
82033
82034
82035
82036
82037
84391
84392
82038
82039
82040
82041
82042
82043
82044
82045
82046
82047
82048
82049
82050
82051
84393
84394
82052
82053
82054
82055
82056
82057
82058
82059
82060
84395
82061
82062
82063
82064
82065
82066
82067
82068
82069
82070
84396
84397
82071
82072
82073
84398
82074
84399
82075
82076
82077
82078
82079
82080
82081
82082
82083
84400
84401
82084
82085
82086
84402
82087
82088
82089
82090
82091
84403
82092
84404
82093
82094
82095
82096
82097
84405
84406
84407
82098
82099
82100
82101
82102
82103
82104
82105
82106
84408
82107
84409
82108
82109
82110
84410
82111
82112
82113
82114
82115
84411
84412
84413
82116
82117
82118
84414
84415
82119
84416
82120
82121
82122
84417
82123
82124
82125
82126
82127
82128
82129
82130
84418
84419
82131
82132
82133
82134
82135
82136
82137
82138
84421
82139
84422
82140
82141
82142
82143
82144
82145
82146
82147
82148
82149
82150
82151
82152
82153
82154
82155
82156
82157
84423
82158
82159
82160
84424
82161
84425
82162
82163
82164
82165
82166
82167
82168
82169
82170
82171
82172
82173
82174
84426
82175
84427
82176
82177
84428
82178
82179
82180
84429
82181
84430
84431
82182
82183
82184
82185
82186
82187
84432
82188
82189
84433
82190
82191
82192
82193
82194
82195
82196
82197
84434
82198
82199
82200
82201
82202
82203
82204
82205
82206
82207
82208
82209
84435
82210
84436
82211
84437
82212
82213
82214
82215
82216
82217
82218
82219
82220
82221
82222
82223
82224
82225
82226
82227
82228
84438
82229
82230
82231
84439
82232
82233
82234
82235
82236
82237
82238
82239
82240
82241
82242
82243
82244
82245
82246
84440
82247
82248
82249
82250
82251
82252
82253
82254
82255
82256
82257
82258
82259
82260
82261
82262
82263
82264
82265
82266
82267
84441
84442
82268
82269
82270
84443
82271
82272
84444
84445
82273
84446
82274
82275
84447
82276
82277
82278
82279
82280
82281
82282
82283
82284
82285
82286
82287
82288
82289
82290
82291
82292
84448
82293
84449
82294
82295
82296
84450
82297
84451
84452
82298
84453
82299
82300
82302
82303
82304
82305
82306
82307
82308
84454
82309
82310
82311
82312
82313
84455
84457
84458
84459
82314
84460
82315
82316
82317
84461
82318
82319
82320
84462
84463
84464
84465
84466
84467
84468
84469
84470
84471
84472
84473
84474
84475
84476
84477
84478
82321
84479
84480
84481
82322
014-355-569-901-059